917
833
756
252
279
482
1286
221
39
283
25
2921
213
306
333
3062
792
629
112
1018
330
320
185
601
528
1700
272
241
297
56
352
929
83
777
279
917
1303
562
1022
377
1690
368
2051
166
1910
301
727
644
359
427
297
88
263
38
967
331
52
16
660
107
253
850
685
4
682
1364
296
250
308
64
15
538
248
966
364
299
369
1371
293
940
996
35
1681
105
349
1
594
332
11
120
265
374
52
113
1111
244
280
288
220
257
113
132
398
171
98
1219
227
337
548
1087
32
262
677
913
264
368
204
956
275
318
1016
17
262
2020
306
1019
1542
817
4702
289
1644
291
275
184
16
142
93
350
850
818
1646
3480
890
858
1682
358
373
1650
292
876
286
364
1529
350
123
85
407
1652
243
198
1321
933
346
3044
137
210
1001
2354
265
2101
1045
411
306
318
346
20
359
333
980
1589
264
1432
97
282
343
1065
1144
343
245
259
348
170
291
1129
653
260
297
29
333
311
2080
252
304
24
1383
1373
95
332
376
221
269
105
150
116
232
3749
1485
831
939
425
673
324
920
388
2213
32
1014
1302
8
862
35
669
307
280
362
315
1016
335
230
0
127
182
700
124
651
369
455
0
918
709
1248
353
916
83
1660
6
187
745
186
493
689
91
324
987
309
1048
1227
279
122
937
310
532
330
246
250
306
1226
1067
807
23
307
300
160
60
308
1024
340
2024
962
49
140
373
88
766
750
1764
1120
918
615
82
221
334
773
264
1424
498
0
1126
0
51
376
268
351
474
2563
1065
103
4186
327
247
303
638
228
1077
741
299
756
313
351
241
711
916
311
760
0
261
146
6
528
529
282
1781
228
267
287
244
265
387
361
1053
900
286
1970
1108
291
23
1261
298
1700
244
167
217
212
249
1344
294
0
301
1328
1026
231
453
231
284
1138
114
1404
1014
916
282
109
690
73
1
1
423
98
530
552
2356
322
338
395
243
110
1761
224
351
87
58
804
1143
3052
300
23
182
93
309
639
424
534
224
1242
50
934
293
49
256
272
291
487
989
318
820
288
169
304
179
199
387
1465
68
310
833
6
408
97
369
1808
161
384
1898
2922
379
3519
1224
6
2509
687
1083
47
454
280
347
652
834
969
286
268
487
100
1225
327
1802
93
268
1251
2102
25
349
918
98
1502
313
690
218
2780
297
566
352
2326
6
1232
548
729
324
279
94
2563
335
1143
349
26
742
222
